0.1 0.000202 0.000228 0.000168
0.2 0.000742 0.000800 0.000636
0.3 0.001522 0.001619 0.001376
0.4 0.002516 0.002708 0.002356
0.5 0.003775 0.004058 0.003543
0.6 0.005254 0.005628 0.004924
0.7 0.006938 0.007398 0.006514
0.8 0.008804 0.009357 0.008282
0.9 0.010835 0.011494 0.010219
1.0 0.013020 0.013795 0.012304
1.1 0.015348 0.016242 0.014525
1.2 0.017809 0.018816 0.016871
1.3 0.020386 0.021508 0.019334
1.4 0.023066 0.024308 0.021902
1.5 0.025840 0.027201 0.024564
1.6 0.028696 0.030170 0.027306
1.7 0.031624 0.033211 0.030121
1.8 0.034611 0.036312 0.033001
1.9 0.037650 0.039465 0.035934
2.0 0.040733 0.042659 0.038910
2.1 0.043851 0.045885 0.041923
2.2 0.046996 0.049133 0.044965
2.3 0.050159 0.052398 0.048028
2.4 0.053332 0.055669 0.051106
2.5 0.056509 0.058939 0.054190
2.6 0.059681 0.062202 0.057274
2.7 0.062844 0.065450 0.060352
2.8 0.065989 0.068678 0.063418
2.9 0.069112 0.071877 0.066464
3.0 0.072206 0.075040 0.069486
3.1 0.075265 0.078163 0.072479
3.2 0.078282 0.081238 0.075436
3.3 0.081253 0.084263 0.078353
3.4 0.084173 0.087230 0.081224
3.5 0.087038 0.090136 0.084044
3.6 0.089841 0.092976 0.086809
3.7 0.092580 0.095746 0.089516
3.8 0.095251 0.098441 0.092159
3.9 0.097851 0.101059 0.094736
4.0 0.100374 0.103595 0.097243
4.1 0.102818 0.106045 0.099677
4.2 0.105180 0.108408 0.102034
4.3 0.107457 0.110678 0.104311
4.4 0.109645 0.112855 0.106506
4.5 0.111742 0.114935 0.108617
4.6 0.113747 0.116916 0.110640
4.7 0.115657 0.118796 0.112572
4.8 0.117469 0.120572 0.114414
4.9 0.119181 0.122243 0.116162
5.0 0.120793 0.123808 0.117814
5.1 0.122302 0.125264 0.119369
5.2 0.123707 0.126611 0.120825
5.3 0.125007 0.127846 0.122182
5.4 0.126201 0.128969 0.123438
5.5 0.127287 0.129980 0.124592
5.6 0.128265 0.130876 0.125643
5.7 0.129134 0.131659 0.126590
5.8 0.129893 0.132329 0.127432
5.9 0.130544 0.132885 0.128170
6.0 0.131085 0.133327 0.128802
6.1 0.131517 0.133656 0.129329
6.2 0.131839 0.133870 0.129751
6.3 0.132052 0.133972 0.130069
6.4 0.132158 0.133961 0.130282
6.5 0.132155 0.133839 0.130391
6.6 0.132045 0.133607 0.130395
6.7 0.131830 0.133265 0.130297
6.8 0.131508 0.132815 0.130096
6.9 0.131083 0.132258 0.129795
7.0 0.130555 0.131596 0.129393
7.1 0.129925 0.130829 0.128892
7.2 0.129196 0.129961 0.128294
7.3 0.128368 0.128992 0.127599
7.4 0.127443 0.127925 0.126809
7.5 0.126423 0.126761 0.125927
7.6 0.125310 0.125502 0.124952
7.7 0.124106 0.124152 0.123887
7.8 0.122813 0.122712 0.122734
7.9 0.121433 0.121186 0.121496
8.0 0.119968 0.119574 0.120172
8.1 0.118422 0.117881 0.118768
8.2 0.116796 0.116108 0.117284
8.3 0.115094 0.114259 0.115722
8.4 0.113317 0.112337 0.114086
8.5 0.111468 0.110345 0.112378
8.6 0.109552 0.108286 0.110600
8.7 0.107570 0.106164 0.108755
8.8 0.105525 0.103980 0.106847
8.9 0.103421 0.101740 0.104877
9.0 0.101261 0.099446 0.102849
9.1 0.099047 0.097101 0.100765
9.2 0.096784 0.094710 0.098629
9.3 0.094475 0.092276 0.096444
9.4 0.092122 0.089802 0.094213
9.5 0.089731 0.087295 0.091940
9.6 0.087303 0.084756 0.089626
9.7 0.084844 0.082189 0.087277
9.8 0.082355 0.079598 0.084895
9.9 0.079842 0.076987 0.082484
10.0 0.077308 0.074361 0.080047
10.1 0.074758 0.071723 0.077588
10.2 0.072194 0.069078 0.075110
10.3 0.069620 0.066429 0.072617
10.4 0.067041 0.063780 0.070113
10.5 0.064460 0.061137 0.067602
10.6 0.061881 0.058503 0.065087
10.7 0.059309 0.055882 0.062572
10.8 0.056747 0.053279 0.060061
10.9 0.054199 0.050698 0.057557
11.0 0.051670 0.048142 0.055065
11.1 0.049162 0.045617 0.052587
11.2 0.046681 0.043126 0.050129
11.3 0.044231 0.040672 0.047693
11.4 0.041814 0.038262 0.045283
11.5 0.039435 0.035897 0.042904
11.6 0.037097 0.033583 0.040559
11.7 0.034805 0.031322 0.038251
11.8 0.032563 0.029120 0.035984
11.9 0.030373 0.026979 0.033762
12.0 0.028240 0.024904 0.031588
12.1 0.026167 0.022897 0.029466
12.2 0.024158 0.020962 0.027399
12.3 0.022216 0.019103 0.025391
12.4 0.020343 0.017322 0.023445
12.5 0.018544 0.015623 0.021564
12.6 0.016821 0.014007 0.019751
12.7 0.015177 0.012481 0.018009
12.8 0.013614 0.011045 0.016340
12.9 0.012134 0.009700 0.014748
13.0 0.010741 0.008448 0.013235
13.1 0.009435 0.007291 0.011803
13.2 0.008223 0.006231 0.010454
13.3 0.007102 0.005267 0.009190
13.4 0.006073 0.004400 0.008011
13.5 0.005138 0.003630 0.006920
13.6 0.004296 0.002956 0.005922
13.7 0.003548 0.002374 0.005014
13.8 0.002892 0.001880 0.004196
13.9 0.002325 0.001469 0.003468
14.0 0.001843 0.001133 0.002830
14.1 0.001442 0.000863 0.002277
14.2 0.001113 0.000650 0.001807
14.3 0.000849 0.000485 0.001415
14.4 0.000640 0.000358 0.001094
14.5 0.000478 0.000263 0.000835
14.6 0.000354 0.000190 0.000630
14.7 0.000259 0.000137 0.000471
14.8 0.000188 0.000097 0.000349
14.9 0.000135 0.000068 0.000256
15.0 0.000096 0.000047 0.000186
15.1 0.000067 0.000031 0.000134
15.2 0.000047 0.000021 0.000095
15.3 0.000031 0.000013 0.000067
15.4 0.000021 0.000008 0.000046
15.5 0.000014 0.000005 0.000031
15.6 0.000009 0.000003 0.000021
15.7 0.000005 0.000002 0.000014
15.8 0.000003 0.000001 0.000009
15.9 0.000002 0.000000 0.000005
16.0 0.000001 0.000000 0.000003
